180101 PALE  13      25      34      46      67     107     225     518     
180102 PALE  12      26      35      46      69     107     240     520     
180103 PALE  12      25      34      47      68     105     228     520     
180104 PALE  12      26      34      46      68     106     235     513     
180105 PALE  11      26      35      45      67     107     233     521     
180106 PALE  11      25      35      46      66     105     238     508     
180107 PALE  11      25      34      45      66     101     227     462     
180108 PALE  12      27      36      47      68     107     234     514     
180109 PALE  12      27      36      47      70     104     227     520     
180110 PALE  13      27      36      47      71     107     235     515     
180111 PALE  13      27      36      48      70     102     214     518     
180112 PALE  11      25      36      47      69     107     232     521     
180113 PALE  11      25      35      47      70     106     231     518     
180114 PALE   8      22      35      47      69     108     233     529     
180115 PALE   7      20      34      47      67     106     234     517     
180116 PALE  11      24      33      48      69     107     231     514     
180117 PALE   6      18      31      47      68     102     208     499     
180118 PALE  13      26      36      49      70     109     235     521     
180119 PALE  12      25      35      47      68     105     234     509     
180120 PALE   8      21      34      47      68     108     237     504     
180121 PALE  14      26      34      45      68     105     226     505     
180122 PALE  12      27      35      46      68     107     233     507     
180123 PALE  10      24      34      47      68     108     234     510     
180124 PALE  18      27      35      46      68     106     237     512     
180125 PALE  13      27      35      46      68     107     238     513     
180126 PALE  13      25      34      45      69     106     226     515     
180127 PALE  13      26      34      46      67     106     228     517     
180128 PALE  12      25      33      44      65     104     234     507     
180129 PALE  13      25      34      45      67     107     233     514     
180130 PALE  12      25      34      45      66     107     237     514     
180131 PALE  13      25      34      46      68     108     232     511     
180201 PALE  10      22      32      45      67     106     235     505     
180202 PALE  13      24      33      45      65     107     225     507     
180203 PALE  13      24      34      46      67     108     232     501     
180204 PALE   8      19      34      41      69     109     242     494     
180205 PALE  16      26      35      44      66      84     159     464     
180206 PALE  16      26      37      49      72     111     235     524     
180207 PALE  20      15      37      51      76     114     237     522     
180208 PALE  30      29      37      51      75     113     242     523     
180209 PALE  25      30      37      50      76     112     238     515     
180210 PALE  15      26      36      52      77     114     241     521     
180211 PALE  21      33      38      50      77     112     236     514     
180212 PALE  15      29      38      52      76     114     236     525     
180213 PALE  14      25      36      51      75     111     239     333     
180214 PALE  13      24      35      48      71      96     189     453     
180215 PALE  14      25      37      49      72     107     239     514     
180216 PALE  14      26      37      48      69     109     231     519     
180217 PALE  15      26      37      48      70     110     237     512     
180218 PALE  13      24      35      44      61      84     165     480     
180219 PALE  13      25      35      47      66     105     229     508     
180220 PALE  13      26      35      46      65     106     228     515     
180221 PALE  13      25      34      45      61     106     233     512     
180222 PALE  13      25      35      45      61     105     231     496     
180223 PALE  13      25      35      45      62     105     226     500     
180224 PALE  13      24      34      44      62     104     215     509     
180225 PALE  13      25      34      44      59     103     227     495     
180226 PALE  13      26      35      46      62     108     241     507     
180227 PALE  13      25      34      45      61     107     243     510     
180228 PALE          25      34      26      60     109     238     517     
180301 PALE          24      34      44      61     105     233     507     
180302 PALE                          44      59     105     233     499     
180303 PALE  13      25      35      44      60     105     239     508     
180304 PALE  13      25      35      45      60     108     238     515     
180305 PALE          24      35      45      59     104     236     521     
180306 PALE 198      25      36      46      61     106     231     514     
180307 PALE   1      25      36      45      59     105     233     515     
180308 PALE  16      24      35      44      57     103     225     507     
180309 PALE  13      26      36      46      58     106     239     519     
180310 PALE  13      25      36      45      58     104     239     512     
180311 PALE  13      26      36      46      57     104     232     505     
180312 PALE  13      26      36      46      58     106     237     500     
180313 PALE   8      20      34      46      56     106     233     505     
180314 PALE   9      20      34      47      56     106     226     476     
180315 PALE   8      18      32      45      57     107     232     497     
180316 PALE   8      18      32      45      62     105     227     510     
180317 PALE   8      18      31      45      62     106     234     490     
180318 PALE  13      25      32      46      62     109     235     505     
180319 PALE  10      28      33      46      61     107     242     499     
180320 PALE  10      27      32      45      60     107     235     491     
180321 PALE  19      34      34      45      62     106     234     503     
180322 PALE  21      34      33      44      61      98     216     467     
180323 PALE  12      30      35      46      62     107     230     504     
180324 PALE  12      29      33      44      62     100     222     472     
180325 PALE  12      30      34      45      65     107     236     511     
180326 PALE  13      29      34      45      65     109     236     518     
180327 PALE  13      28      34      44      62     105     229     518     
180328 PALE  12      30      34      45      65     106     236     510     
180329 PALE  13      30      34      45      64     106     229     510     
180330 PALE  13      29      34      44      65     107     231     507     
180331 PALE  20      29      29      33      42      56     101     341     
180401 PALE  12      30      33      45      63     108     231     517     
180402 PALE  12      26      31      43      61      99     213     350     
180403 PALE  12      28      35      45      64     106     236     503     
180404 PALE  10      26      30      44      61     107     241     497     
180405 PALE  10      25      30      44      64     106     233     475     
180406 PALE  11      25      32      45      62     106     243     505     
180407 PALE   9      24      32      45      62     104     234     472     
180408 PALE  11      25      31      45      63     107     238     452     
180409 PALE   9      25      32      45      62     107     242     506     
180410 PALE   6      19      30      45      61     105     240     497     
180411 PALE   6      20      30      45      63     107     239     498     
180412 PALE  12      29      33      44      63     101     217     477     
180413 PALE  13      30      33              63     104     237     505     
180414 PALE  12      27      31              45      60     113     380     
180415 PALE  13      25      34      46      68     108     237     497     
180416 PALE   6      21      32      46      68     110     241     495     
180417 PALE   7      22      32      46      65     110     235     491     
180418 PALE  11      28      34      47      70     108     237     487     
180419 PALE  12      28      34      47      68     109     241     523     
180420 PALE  12      29      36      48      72     112     240     502     
180422 PALE  11      29      37      51      76     112     243     507     
180423 PALE  11      28      37      50      74     111     249     511     
180424 PALE  10      28      37      40      48      61     115     383     
180425 PALE   8      25      36      48      69     111     243     512     
180426 PALE  10      26      35      37      40      56      99     326     
180427 PALE  11      29      36      49      70     109     240     505     
180428 PALE  11      30      37      47      70     110     239     509     
180429 PALE  11      30      36      48      68     109     242     547     
180430 PALE  12      30      37      46      68     108     239     506     
180501 PALE   7      29      36      45      70     108     238     504     
180502 PALE  11      29      36      45      67     107     235     506     
180503 PALE  10      28      34      44      64     106     242     514     
180504 PALE  10      27      34      45      67     108     240     524     
180505 PALE  11      28      34      45      67     109     238     497     
180506 PALE  11      28      35      46      64     110     237     512     
180507 PALE  10      26      34      45      62     110     242     501     
180509 PALE  10      27      34      47      64     110     249     482     
180510 PALE  10      29      37      46      63     107     232     485     
180511 PALE  11      30      35      46      64     110     236     503     
180512 PALE                          47      66     109     241     533     
180513 PALE                          49      66     107     240     527     
180514 PALE                          48      69     109     237     511     
180515 PALE                          47      65     110     239     514     
180516 PALE                          47      66     110     242     506     
180517 PALE                          47      67     110     243     543     
180518 PALE                          46      68     111     246     520     
180519 PALE                          46      64     109     238     509     
180520 PALE                          45      65     109     243     551     
180521 PALE                          47      69     107     243     550     
180522 PALE                          48      71     113     241     516     
180523 PALE                          49      70      99     213     527     
180524 PALE                          50      76     104     241     512     
180525 PALE                          52      76     113     239     524     
180526 PALE                          51      75     112     241     516     
180528 PALE                          51      74     112     248     527     
180529 PALE                          51      70     114     257     524     
180530 PALE                          52      72     115     241     518     
180531 PALE  13      30      37      51      76     117     251     523     
180601 PALE                          54      79     117     243     546     
180602 PALE                          52      76     112     246     524     
180603 PALE                          50      76     110     247     525     
180604 PALE                          47      68      91     193     475     
180605 PALE                          48      72     109     248     532     
180606 PALE                          49      67     109     246     524     
180607 PALE                          48      71     106     228     509     
180608 PALE                          47      65     110     246     527     
180609 PALE                          47      68     108     241     516     
180610 PALE                          48      72     111     246     528     
180612 PALE                          49      69     106     243     519     
180613 PALE                          50      75     110     243     517     
180614 PALE                          50      71     110     240     518     
180615 PALE                          46      72     110     243     520     
180616 PALE                          50      73     114     241     527     
180617 PALE                          51      71     115     254     534     
180618 PALE                          52      78     111     243     518     
180619 PALE                          54      81     116     244     514     
180620 PALE                          56      87     121     249     518     
180621 PALE                          56      86     123     248     523     
180622 PALE                          54      82     118     246     492     
180623 PALE                          53      84     118     245     511     
180624 PALE                          51      77     117     248     530     
180625 PALE                          50      75     112     245     527     
180626 PALE                          52      73     114     248     526     
180627 PALE                          50      76     114     247     525     
180628 PALE                          49      74     108     255     524     
180629 PALE                          48      76     109     239     518     
180630 PALE                          47      69     104     242     520     
180701 PALE                          47      67     106     234     506     
180702 PALE                          47      69     109     242     520     
180703 PALE                          46      66     110     244     517     
180704 PALE                          47      71     109     241     516     
180705 PALE                          47      70     109     242     521     
180706 PALE                          50      72     108     237     530     
180707 PALE                          50      70     116     245     519     
180708 PALE                          50      72     114     241     482     
180709 PALE                          50      69     112     246     499     
180710 PALE                          52      73     114     244     523     
180711 PALE                          53      73     114     252     522     
180713 PALE                          53      67     108     238     519     
180714 PALE                          53      67      94     186     513     
180715 PALE                          51      69      95     186     505     
180716 PALE                          51      70      99     196     513     
180717 PALE                          51      68     102     210     519     
180718 PALE                          51      65     105     228     491     
180719 PALE                          50      66     106     222     523     
180720 PALE                          49      64     100     214     524     
180721 PALE                          47      63     108     237     526     
180722 PALE                          46      64     101     217     528     
180723 PALE                          45      59     103     219     508     
180724 PALE                          45      61      99     219     505     
180725 PALE                          44      59     105     230     510     
180726 PALE                          45      60     103     226     517     
180727 PALE                          46      61     105     233     498     
180728 PALE                          46      62     101     215     492     
180729 PALE                          47      59     101     220     503     
180730 PALE                          46      60     102     212     500     
180731 PALE                          46      50     114     231     533     
180801 PALE                          48      57     101     205     536     
180802 PALE                          48      55     109     241     523     
180803 PALE                          49      57     111     248     501     
180804 PALE                          49      47     110     242     510     
180805 PALE                          48      40     108     238     506     
180806 PALE                          48      32     109     241     513     
180807 PALE                          48      23     111     241     510     
180808 PALE                          49      22     109     242     508     
180810 PALE                          48      38     109     235     503     
180811 PALE                          47             106     242     523     
180812 PALE                          46             107     239     507     
180813 PALE                          46             106     238     505     
180814 PALE                          47             108     241     506     
180815 PALE                          47      61     107     236     505     
180816 PALE                          48      59     107     239     500     
180817 PALE                          46      60     107     236     502     
180818 PALE                          46      60      76     118     497     
180820 PALE                          46      61     101     219     532     
180821 PALE                          46      60     101     220     535     
180825 PALE                          48      60     105     229     504     
180826 PALE                          49      61     103     226     506     
180827 PALE                          42      50      79     164     422     
180828 PALE                          45      54      87     184     497     
180829 PALE                          47      61     101     221     505     
180830 PALE                          47      59     101     218     508     
180831 PALE                          46      60     100     220     506     
180901 PALE                          46      59     100     217     506     
180902 PALE                          46      57     102     219     492     
180903 PALE                          46      55      99     217     508     
180904 PALE                          46      55     101     216     507     
180906 PALE                          46      56      98     224     518     
180907 PALE                          46      58      98     217     515     
180908 PALE                          48      60     103     226     520     
180909 PALE                          48      61      99     226     508     
180910 PALE                          43      60      95     220     511     
180911 PALE                          44      60      91     214     502     
180912 PALE                          43      60      96     212     505     
180914 PALE                          45      59      98     217     514     
180915 PALE                          44      61      98     217     505     
180916 PALE                          44      62      98     221     515     
180917 PALE                          44      58      98     217     508     
180918 PALE                          42      60      97     210     510     
180919 PALE                          43      66      96     207     505     
180920 PALE                          42      66     112     206     505     
180921 PALE                          42      69     110     215     509     
180922 PALE                          43      68     111     216     506     
180923 PALE                          43      70     113     211     509     
180924 PALE                          44      67     114     210     506     
180925 PALE                          45      70     113     211     505     
180926 PALE                          45      69     114     214     505     
180928 PALE                          42      62      95     160     426     
180929 PALE                          45      70     113     213     508     
180930 PALE                          46      70     115     220     505     
181001 PALE                          43      67     112     205     482     
181002 PALE                          43      67     111     213     501     
181003 PALE                          43      66     113     213     507     
181004 PALE                          43      66     110     207     513     
181005 PALE                          46      68     115     218     507     
181006 PALE                          44      68     113     221     500     
181007 PALE                          46      69     114     220     454     
181008 PALE                          45      71     114     213     508     
181009 PALE                          45      71     116     216     513     
181010 PALE                          46      70     117     217     500     
181011 PALE                          47      71     119     220     476     
181012 PALE  12      32      38      48      72     118     226     508     
181013 PALE  15      32      38      47      72     114     210     514     
181014 PALE  12      32      38      48      72     116     214     505     
181015 PALE  13      32      38      48      72     117     219     513     
181016 PALE  13      32      38      47      72     116     222     515     
181017 PALE   9      27      36      46      71     116     210     514     
181018 PALE   8      25      35      46      71     113     213     519     
181019 PALE  12      32      37      46      71     115     202     516     
181020 PALE   5      21      34      47      72     116     214     514     
181021 PALE   4      19      33      47      73     119     221     519     
181022 PALE   4      18      30      47      71     115     216     513     
181023 PALE   6      22      34      40      73     116     210     513     
181024 PALE  12      31      35      46      70     114     210     513     
181025 PALE   9      26      33      44      69     113     209     508     
181026 PALE  11      27      33      45      68     111     207     516     
181027 PALE  11      30      33      45      71     117     214     518     
181028 PALE  12      29      33      46      69     114     211     512     
181029 PALE  12      29      33      45      67     114     213     509     
181030 PALE  11      29      31      44      67     111     211     505     
181031 PALE  12      29      31      44      68     112     207     508     
181101 PALE   7      21      28      45      66     117     219     517     
181102 PALE  12      28      30      44      66     117     219     517     
181103 PALE  11      30      33      43      67     114     210     514     
181104 PALE  13      31      34      44      68     115     215     518     
181105 PALE  12      30      35      45      68     116     217     514     
181106 PALE  12      31      35      44      69     114     211     522     
181107 PALE  12      30      34      45      69     115     218     509     
181108 PALE  12      29      34      46      69     116     209     519     
181109 PALE  12      30      34      44      68     119     217     516     
181110 PALE  12      29      33      45      69     120     224     524     
181111 PALE  12      29      35      45      70     115     219     519     
181112 PALE   8      23      33      43      67     115     216     525     
181113 PALE   7      22      33      45      69     114     210     501     
181114 PALE   8      23      34      46      69     117     222     514     
181115 PALE   6      20      33      47      71     116     212     499     
181116 PALE   5      18      32      47      71     116     219     486     
181117 PALE   5      10       7      47      73     120     224     522     
181118 PALE  10      15       9      49      72     119     221     528     
181119 PALE  12      28      34      46      72     115     213     525     
181120 PALE  11      26      31      45      69     113     210     507     
181121 PALE  11      26      30      46      69     115     216     531     
181122 PALE  12      27      32      46      72     116     221     520     
181123 PALE  11      28      33      45      70     116     210     522     
181124 PALE  12      29      34      46      70     114     208     519     
181125 PALE  12      29      34      45      69     113     211     517     
181126 PALE  13      29      34      44      70     113     211     519     
181127 PALE  10      26      33      44      69     115     215     513     
181128 PALE  12      28      34      44      68     113     212     520     
181129 PALE  12      26      28      45      68     111     207     511     
181130 PALE  13      28      33      44      67     113     211     514     
181201 PALE  13      29      34      45      70     113     209     515     
181202 PALE  13      29      34      45      70     114     218     514     
181203 PALE  12      29      35      45      68     114     213     507     
181204 PALE  12      28      35      45      71     115     217     519     
181205 PALE  13      29      36      45      71     115     207     525     
181206 PALE  13      30      35      46      70     114     211     519     
181207 PALE  13      30      35      46      72     116     215     518     
181208 PALE  13      30      37      48      73     120     223     518     
181209 PALE   7      23      34      47      71     117     225     519     
181210 PALE  13      29      35      47      72     117     219     516     
181211 PALE                          47      70     108     183     426     
181212 PALE                          46      70     115     219     514     
181213 PALE                          48      72     118     213     518     
181214 PALE                          48      72     118     213     518     
181215 PALE                          48      73     117     213     519     
181216 PALE                          47      71     117     218     526     
181217 PALE                          47      70     117     218     510     
181219 PALE                          47      70     119     220     508     
181220 PALE                          46      70     115     212     496     
181221 PALE   4      16      28      47      71     115     206     501     
181222 PALE                          47      70     116     208     514     
181223 PALE                          46      71     115     208     519     
181224 PALE                          46      70     115     210     515     
181225 PALE                          45      69     116     218     510     
181226 PALE  14      30      34      46      70     115     206     508     
181227 PALE  13      30      34      46      70     116     205     515     
181229 PALE  14      30      35      46      69     116     214     506     
181230 PALE  13      29      35      46      68     115     220     507     
181231 PALE  12      28      35      46      68     115     212     516     