250101 PALE  24      47      74     163             246     323     638     
250102 PALE  24      47      73     157             239     306     616     
250103 PALE  29      50      74     152             221     294     622     
250104 PALE  23      49      73     150             222     310     624     
250105 PALE  25      48      72     145             204     288     596     
250106 PALE  19      41      66     134             193     275     580     
250107 PALE  15      33      55     130             191     273     578     
250108 PALE  15      30      51     129             183     264     584     
250109 PALE  19      31      44     113             162     231     505     
250110 PALE  35      51      67     124             184     275     577     
250111 PALE  36      46      66     119             178     268     508     
250112 PALE  38      52      64     117             179     263     575     
250113 PALE  24      45      67     117             182     271     544     
250114 PALE  79      53      72     119             184     276     597     
250115 PALE  23      48      74     119             190     277     595     
250116 PALE  21      43      69     125             204     288     589     
250117 PALE  24      43      78     144             237     311     626     
250118 PALE 181      63      81     151             265     329     623     
250119 PALE  31      52      81     157             255     306     613     
250120 PALE  26      52      80     163             262     316     603     
250121 PALE  24      48      82     167             265     318     597     
250122 PALE  24      54      90     165             246     308     602     
250123 PALE  23      57      92     165             230     301     587     
250124 PALE  52      75      94     159             245     303     610     
250125 PALE  42      62      90     150             244     297     602     
250126 PALE  24      47      76     131             211     282     595     
250127 PALE  22      47      68     127             200     272     483     
250128 PALE  18      40      70     122             193     274     572     
250129 PALE  23      43      70     121             203     279     604     
250130 PALE  21      43      71     125             249             586     
250131 PALE                         120     170     233     283     478     
250201 PALE  24      45      77     127     192     241     312     564     
250202 PALE  24      45      73     126     204     227     278     542     
250203 PALE  37      49      80     133     234     283     357     604     
250204 PALE  37      55      73     137     231     283     342     593     
250205 PALE  20      43      73     127     211     256     325             
250206 PALE                         123     197     241     309     561     
250207 PALE  22      44      73     117     187     221     293     565     
250208 PALE  25      51      75     122     187     221     299     599     
250209 PALE  28      54      82     120     173     221     309     567     
250210 PALE  29      55      76     112     158     211     302     532     
250211 PALE  25      49      74     114     154     205     305     556     
250212 PALE  57      51      74     112     150     200     297     556     
250213 PALE  29      47      74     123     171     209     312     641     
250214 PALE  82      47      76     131     181     227     326     615     
250215 PALE  24      46      77     134     179     221     318     565     
250216 PALE  27      50      81     140     186     228     322     557     
250217 PALE  29      49      80     138     184     218     311     591     
250218 PALE  26      49      78     139     178     206     284     468     
250219 PALE  25      50      81     132     171     205     300     619     
250220 PALE  23      51      83     137     176     209     302     549     
250221 PALE  30      52      85     140     176     224     321     590     
250222 PALE  29      54      85     147     200     242     337     600     
250223 PALE  28      53      80     143     200     254     340     598     
250224 PALE  25      49      80     147     209     262     348     607     
250225 PALE  83      50      79     142     199     254     343     604     
250226 PALE  26      47      76     133     176     229     323     574     
250227 PALE  26      47      75     126     175     216     317     538     
250228 PALE  23      44      70     117     153     200     305     580     
250301 PALE  22      42      66     113     146     192     297     580     
250302 PALE  18      33      53     116     144     189     299     550     
250303 PALE  19      34      55     110     148     198     305     623     
250304 PALE  18      34      54     116     153     209     309     584     
250305 PALE  20      36      56     116     156     206     297     496     
250306 PALE  28      46      69     116     147     193     297     552     
250307 PALE  29      44      68     111     144     186     287     569     
250308 PALE  43      48      70     113     144     188     286     532     
250309 PALE  41      39      56     112     138     188     288     571     
250310 PALE  33      46      68     110     140     189     290     528     
250311 PALE  33      46      72     114     145     195     296     545     
250312 PALE  23      46      71     122     159     208     310     558     
250313 PALE  22      44      73     122     155     205     308     564     
250314 PALE  25      46      75     127     164     218     315     555     
250315 PALE  29      46      78     140     182     230     327     590     
250316 PALE  23      42      69     135     177     219     314     560     
250317 PALE  26      46      74     143     187     233     322     591     
250318 PALE  26      51      82     147     201             339     573     
250319 PALE  20      46      77     136     180             323     622     
250320 PALE  39      51      82     141     181             330     641     
250321 PALE  23      47      77     129     161             314     604     
250322 PALE  25      48      77     129     163             318     607     
250323 PALE  26      54      78                                             
250324 PALE  23      47      74     126     161             315     612     
250325 PALE  28      45      70     121     150             313     633     
250326 PALE  22      42      65     116     154             317     576     
250327 PALE  21      40      62     114     149     195     302     573     
250328 PALE  20      40      64     118     146     210     314     542     
250329 PALE  18      33      53     114     134     203     312     542     
250330 PALE  57      40      62     117     147     232     337     541     
250331 PALE  64      53      66     117     151     227     325     583     
250401 PALE  21      32      45     117     151     233     331     585     
250402 PALE  26      43      65     123     155     233     327     526     
250403 PALE  25      40      61     118     155     227     329     548     
250404 PALE  60      45      59     121     153     219     329     570     
250405 PALE  81      48      58     116     150     203     278     431     
250406 PALE  35      33      48     121     151     220     335     590     
250407 PALE  36      33      48     118     144     210     319     538     
250408 PALE  28      40      60     116     137     209     313     517     
250409 PALE  17      31      49     112     155     213     322     529     
250410 PALE  17      31      50     112     151     198     284     462     
250411 PALE  26      44      64     108     147     210     324     584     
250412 PALE  25      34      53     112     157     223     336     554     
250413 PALE  61      44      50     116     166     254     365     590     
250414 PALE  19      28      45     112     152     223     339     600     
250415 PALE  28      57      76     105     143     209     320     540     
250416 PALE  32      43      79     107     133     209     325     556     
250417 PALE  52      45      79     106     137     200     312     498     
250418 PALE  40      43      73     110     144     204     309     512     
250419 PALE  25      41      76     109     150     217     305     507     
250420 PALE  23      39      75     113     149     205     315     519     
250421 PALE  23      35      63     116     150     205     314     496     
250422 PALE  31      36      62     122     143     203     322     524     
250423 PALE  23      38      77     119     151     209     323     538     
250424 PALE  21      41      83     123     148     217     330     517     
250425 PALE  21      38      74     124     156     216     322     531     
250426 PALE  20      39      83     123     152     206     325     550     
250427 PALE  21      39      82     123     144     197     319     548     
250428 PALE  21      38      78     118     142     205     316     507     
250429 PALE  26      40      82     116     141     205     329     548     
250430 PALE  30      57      80     110     143     212     340     579     